[15952.616351] [Project1] 5229 1588101610.948749678 1588101612.130508175
[15955.019035] [Project1] 5230 1588101613.373514609 1588101614.533191567
[15957.399652] [Project1] 5231 1588101615.755578841 1588101616.913809042
[15959.841033] [Project1] 5232 1588101618.180947363 1588101619.355190294
[15962.116698] [Project1] 5235 1588101620.477523785 1588101621.630855552
[15964.508765] [Project1] 5236 1588101622.857491517 1588101624.022922630
[15966.913557] [Project1] 5237 1588101625.280244501 1588101626.427714193
[15969.415138] [Project1] 5238 1588101627.632007986 1588101628.929295721
[15971.909089] [Project1] 5239 1588101630.229364009 1588101631.423246029
[15974.306206] [Project1] 5240 1588101632.617855727 1588101633.820363398
